# 奥比中光 336L @ 1280×720（运行时）
# fx/fy/cx/cy：当前抓取分辨率下的内参

width: 1280
height: 720

fx: 612.5746459960938
fy: 612.67138671875
cx: 640.7672119140625
cy: 367.8441162109375

K:
  - [612.5746459960938, 0.0, 640.7672119140625]
  - [0.0, 612.67138671875, 367.8441162109375]
  - [0.0, 0.0, 1.0]

# OpenCV plumb_bob 顺序: [k1, k2, p1, p2, k3]
distortion_model: plumb_bob
distortion_source: Orbbec SDK color intrinsic CP84B4100090

distortion:
  k1: -0.03357793763279915
  k2: 0.03533396124839783
  p1: -0.00007297762203961611
  p2: 0.0004234930966049433
  k3: -0.012418920174241066

# 供 cv2.undistort / undistortPoints 直接使用
distortion_coeffs: [-0.03357793763279915, 0.03533396124839783, -0.00007297762203961611, 0.0004234930966049433, -0.012418920174241066]
